[[0 0 0 0 0 1]
 [0 0 0 0 0 1]
 [0 0 0 0 0 1]
 [0 0 0 0 0 1]
 [0 0 0 0 0 1]
 [1 1 1 1 1 1]]
[-1.79128785  0.          2.79128785]


[[0 0 0 0 1 1]
 [0 0 0 0 1 1]
 [0 0 0 0 1 1]
 [0 0 0 0 1 1]
 [1 1 1 1 1 1]
 [1 1 1 1 1 1]]
[-2. -0.  4.]


[[0 0 0 1 1 0]
 [0 0 0 1 0 1]
 [0 0 0 0 1 1]
 [1 1 0 1 1 1]
 [1 0 1 1 1 1]
 [0 1 1 1 1 1]]
[-1.  1.  4.]


[[0 0 0 1 1 1]
 [0 0 0 1 1 1]
 [0 0 0 1 1 1]
 [1 1 1 1 1 1]
 [1 1 1 1 1 1]
 [1 1 1 1 1 1]]
[-1.85410197 -0.          4.85410197]


[[0 0 1 0 1 1]
 [0 0 0 1 0 1]
 [1 0 0 0 1 1]
 [0 1 0 0 0 1]
 [1 0 1 0 0 1]
 [1 1 1 1 1 1]]
[-1.          1.38196601  3.61803399]


[[0 0 1 1 1 1]
 [0 0 0 0 0 1]
 [1 0 0 1 1 1]
 [1 0 1 0 1 1]
 [1 0 1 1 0 1]
 [1 1 1 1 1 1]]
[-1.          0.69722436  4.30277564]


[[1 0 1 1 1 1]
 [0 1 1 1 1 1]
 [1 1 1 0 1 1]
 [1 1 0 1 1 1]
 [1 1 1 1 0 1]
 [1 1 1 1 1 0]]
[-1.  1.  5.]


[[1 0 1 1 1 1]
 [0 1 1 1 1 1]
 [1 1 0 1 1 1]
 [1 1 1 0 1 1]
 [1 1 1 1 0 1]
 [1 1 1 1 1 0]]
[-1.  1.  5.]


[[0 0 1 1 1 1]
 [0 0 1 1 1 1]
 [1 1 1 1 1 1]
 [1 1 1 1 1 1]
 [1 1 1 1 1 1]
 [1 1 1 1 1 1]]
[-1.46410162  0.          5.46410162]


[[1 1 1 1 1 1]
 [1 0 1 1 1 1]
 [1 1 0 1 1 1]
 [1 1 1 0 1 1]
 [1 1 1 1 0 1]
 [1 1 1 1 1 0]]
[-1.        -0.1925824  5.1925824]


[[1 1 1 1 1 1]
 [1 1 1 1 1 1]
 [1 1 1 1 1 1]
 [1 1 1 1 1 1]
 [1 1 1 1 1 1]
 [1 1 1 1 1 0]]
[-0.85410197 -0.          5.85410197]